   5.00062   47.55628
   3.36687   51.83418
   8.66490   44.07099
   7.67808   40.28921
   6.55250   55.56969
   4.18627   49.53791
   8.05480   43.33980
   6.89541   44.12032
   4.65383   37.21115
   5.69313   31.80092
   8.40540   52.90551
   6.72492   50.46864
   5.62712   45.16180
   5.71441   52.62129
   4.79435   35.38505
   7.08541   51.92137
   6.39140   50.25868
   7.04181   52.21654
   8.21511   53.54987
   4.72324   55.64981
   9.15443   58.35124
   7.23173   48.79326
   4.93889   43.81600
   4.12709   38.27658
   5.43831   43.67253
   6.03416   43.02593
   6.07796   32.90534
   4.95894   37.86644
   9.09574   55.05805
   7.28450   49.98708
   6.36788   48.56856
   9.51590   59.55263
   9.16173   52.12498
   7.90289   45.17922
   9.04088   50.70935
   6.13734   43.11350
   4.10857   41.21775
   8.88934   54.31873
   9.22245   48.02949
   8.78422   51.32105
   4.97837   47.43393
   4.89331   34.81541
   4.57291   27.94277
   7.80650   49.14187
   5.43486   50.99343
   6.22294   48.44031
   6.51358   50.04752
   8.77224   47.46320
   4.49145   40.31626
   8.78922   53.34859
   7.21491   50.12799
   4.94258   47.10017
   7.07676   43.25601
   5.82976   31.49755
   3.46143   37.70109
   5.89492   35.56086
   6.96758   51.33031
   5.34960   59.56743
   8.30386   44.41884
   7.58053   48.78627
   4.15102   58.71704
   6.51056   42.95539
   6.86861   56.86762
   7.00062   33.31998
   4.06898   56.17781
   7.43272   61.05573
   5.55770   39.80802
   6.20577   33.38591
   4.77854   41.76921
   7.26537   58.60135
   4.88844   50.02379
   7.12113   44.71200
   5.95514   45.68558
   5.99506   45.85920
   3.85940   49.04697
   3.83812   44.92367
   5.45940   37.58836
   4.20116   31.02111
   8.17729   48.22341
   5.47729   49.39678
   7.20156   50.02744
   8.92236   54.10708
   8.64968   56.68807
   4.30353   37.25231
   7.66741   49.32853
   4.02154   47.61788
   8.08391   48.18759
   4.89136   38.28169
   5.71317   49.25003
   8.57824   45.49176
   5.34612   45.61800
   4.80860   33.29649
   4.25839   43.67338
   4.50224   38.36283
   4.83891   40.28614
   7.44544   45.34513
   5.71293   37.84202
   8.30208   51.32287
   5.18767   39.52129
   5.82551   44.54304
   3.76187   46.22220
   4.21350   31.16680
   4.84782   47.15238
   5.12718   47.71093
   5.01938   33.91438
   4.26066   48.15736
   7.74977   50.66977
   6.57163   54.95079
   6.75335   46.56840
   4.70543   39.74594
   4.93862   39.68157
   5.02757   51.28951
   8.01112   49.12140
   6.28194   40.15562
   7.26187   44.72783
   9.25965   51.04148
   7.82608   43.02070
   8.07275   53.74863
   7.90122   57.79187
   9.46457   44.58809
   6.59591   44.88747
   8.44052   58.45866
   5.13838   49.03705
   6.52194   53.42242
   6.86875   46.71822
   6.73297   59.14524
   6.75040   41.21148
   4.77481   35.39574
   6.97943   46.94946
   6.59867   51.11045
   6.25002   49.12002
   4.23144   36.83020
   4.01311   43.16355
   6.06436   48.42917
   8.44358   47.79256
   5.38295   52.91697
   7.14724   44.95511
   7.35526   54.75256
   6.98574   52.58468
   7.72534   45.49502
   7.39477   45.40686
   6.59533   43.17190
   7.38414   50.00505
   5.38383   62.76436
   3.95435   43.36911
   4.54938   41.47373
   4.52230   41.04537
   7.93178   52.30554
   7.81211   46.62314
   6.19809   51.38331
   6.30814   40.45696
   7.79401   53.55985
   6.81007   51.88604
   4.75293   38.40874
   3.96037   40.06306
   7.38160   46.97230
   7.44019   55.65506
   7.83754   54.21486
   6.43278   47.06698
   7.97203   49.83352
   6.72024   54.65710
   2.42150   36.31560
   3.69150   57.54543
   7.09141   58.80185
   4.68872   46.36820
   4.21302   35.30397
   7.74393   54.10407
   5.98980   43.72368
   6.59195   43.18576
   6.48147   50.18405
   5.72975   58.49445
   6.54380   55.30754
   5.11871   53.85305
   7.81808   54.02488
   4.17721   43.81883
   7.04796   45.91230
   3.59468   39.63627
   5.62094   50.58511
   6.90941   46.53595
   5.51247   43.62300
   6.06901   44.12633
   4.81880   54.88616
   4.61955   14.66642
   4.95983   32.22674
   6.39200   43.41707
   4.97385   45.34427
   6.48719   57.48771
   7.75634   55.78173
   9.46633   43.10138
   5.96699   35.90968
   3.17035   42.82382
   8.20830   43.67386
   7.35214   51.04718
   3.84923   47.68723
   3.42677   47.71233
   5.85271   48.31980
   7.91269   44.21365
   6.45528   61.51305
   8.00384   41.42985
   7.16174   50.94689
   4.72049   50.04673
   5.87212   49.54348
   6.91021   39.91178
   4.03001   26.31873
   6.56537   44.40360
   8.62452   45.51453
   7.90035   57.43883
   5.60373   38.71591
   6.63342   47.64524
   7.83442   47.44357
   4.34181   32.64573
   2.60717   43.01944
   4.60580   42.19693
   9.35066   42.76382
   6.06667   49.34187
   8.15155   49.19814
   3.31758   39.45876
   8.25493   45.23740
   7.08510   51.52882
   9.14594   45.73276
   8.19669   53.04731
   4.94976   35.68674
   7.73173   54.39732
   4.65973   40.54940
   3.80835   50.83094
   5.09627   28.88707
   5.08733   51.70728
   4.46328   48.94585
   4.34107   45.57328
   6.59280   57.64121
   5.72527   38.05450
   5.71787   39.03981
   5.54868   39.14864
   5.62477   46.32465
   6.36018   48.78595
   7.02929   51.93129
   8.88126   58.23352
   7.33256   45.93699
   7.70747   60.41906
   8.05208   53.22368
   7.61793   43.14603
   9.11253   48.86263
   8.58865   47.67203
   8.97253   46.19225
   6.99386   42.45401
   6.63567   48.81750
   5.55240   51.48101
   7.69607   47.85346
   8.51747   55.91301
   4.48862   33.80157
   4.15361   36.32732
   6.69281   47.03566
   3.55278   36.22828
   8.09796   48.65891
   7.81603   48.19220
   4.34135   43.72416
   4.38131   36.84230
   3.77730   36.67682
   4.54812   51.28411
   6.04290   46.45849
   8.12269   58.20629
   5.55424   36.33511
   7.39733   54.79526
   4.48259   41.22067
   7.87362   46.90428
   6.42112   36.27571
   8.08394   52.57593
   8.53908   53.32514
   7.47028   47.72514
   5.19213   37.57679
   7.68915   51.07883
   4.55491   45.81565
   7.13084   51.07099
   5.57768   43.12747
   7.08318   51.05614
   6.88878   44.37022
   5.65187   35.09033
   7.58898   48.79732
   6.84447   49.61536
   8.41344   45.59829
   7.86769   62.46938
   4.37042   44.61389
   4.90118   43.96709
   4.37997   46.63869
   6.94340   31.14693
   8.10089   49.68027
   4.95739   43.22234
   4.91995   35.04698
   4.29393   53.17865
   6.07464   47.00657
   6.72539   55.72310
   6.71602   53.52769
   7.23545   53.09271
   3.88498   26.10747
   9.81865   58.34279
   5.50317   35.71476
   6.14398   55.69353
   5.37348   51.48519
   7.27915   44.17303
   7.30236   46.68775
   7.35432   52.52455
   6.84544   50.26063
   5.98829   49.08064
   5.97632   57.53187
   5.68774   35.86961
   7.40438   50.31019
   5.22131   39.94636
   9.22555   52.33210
   3.79061   26.73775
  10.08580   49.47473
   7.50653   51.67049
   4.56344   44.44649
   6.71400   44.24683
   4.56204   37.73740
   3.70244   45.86533
   3.60981   42.52207
   5.62256   54.20644
   7.97858   52.86312
   7.77482   41.74048
   4.48926   42.14550
